best_gamma: 0.1
best_lambda:1e-06
threshold: 0.2
num_features: 656
weights:
-2.319686960218045879e+00
1.010371316730186882e-02
7.384826926650933654e-03
-2.968401357428966159e-04
1.997484938149837047e-02
-7.285103487602570538e-03
-1.835470976265534890e-02
-6.405539974949817084e-03
-2.131957657968710628e-03
1.124576801864101902e-02
-4.840620225679520550e-03
-6.816409704739340505e-03
1.473724095717407305e-02
6.676306534661740136e-03
8.949461719701680765e-03
3.789636234532308811e-03
1.097258419291594761e-02
-4.221543761747696515e-03
-7.261396479009515903e-03
-8.007393263344899509e-03
6.149146337826517927e-03
6.093773520532622242e-04
4.075214334561259519e-03
-9.956024334196853301e-03
-5.844179820542855577e-03
1.463292835653873247e-02
6.402990154094051868e-04
2.625134190730929115e-02
-1.236353103802150140e-02
2.455968899103802474e-03
1.143184197018403715e-02
1.344544594950859880e-02
4.423649197792054854e-04
1.856875404412569423e-03
1.203093546487542416e-02
-1.455940836188234118e-02
1.814372388190939323e-02
1.009364539280107990e-02
1.391001365156564924e-03
-1.181151408696159023e-03
-1.348699534348693670e-02
1.466527434957090072e-02
1.048196690808869160e-02
1.206148327481744616e-03
1.021416627633486233e-03
2.215106556218831950e-03
1.164104492650269197e-02
2.477325052807259273e-03
-4.891297016761889799e-03
-4.170261121849447392e-04
-6.059187408569955345e-06
6.547124899190831689e-04
6.985584673671549078e-04
4.617860653319858064e-04
-6.234913777800396703e-06
1.059894541274443479e-03
4.422445311495443176e-02
-3.033664224566674089e-02
1.869456367482073139e-02
-4.806752805532945108e-03
2.512224758537128996e-02
-1.123443671608353317e-02
8.767000215771949406e-03
5.120810653515878511e-03
-1.052194018139974464e-02
-3.190711592999575519e-01
-1.895797713253089545e-01
2.313210209093164438e-01
4.591303133333333314e-02
2.453046892519046840e-01
-1.192741162369876373e-01
3.158722621411733794e-02
-3.252238244505075565e-02
2.915998006646701446e-02
-1.184503776028393573e-02
2.958142341949196799e-04
-3.722945671090040383e-03
-8.584116880863386367e-02
2.046543461696115340e-01
-1.058523712267958466e-01
3.091409841101110459e-03
-2.164405105994678200e-03
1.087320227912164511e-01
-1.031553823389084190e-01
1.054719666882905638e-02
-2.236026251849233207e-03
-1.454592592145619208e-03
-7.038155492658515477e-03
-2.405301928822443317e-03
4.819599510678318683e-04
1.784814627559098282e-02
2.265047978993017797e-03
4.190706677263194950e-03
1.502792111727444535e-01
2.661037663022400648e-03
-1.416077538672627645e-01
-1.433385547398449353e-02
2.019632122571854427e-02
-3.307149850952826979e-03
1.420974049918749538e-01
-1.339403461589212807e-01
7.087186857619520199e-03
-1.356434821285481575e-03
9.927729555706715781e-02
-7.422321593786078420e-02
-1.301492567134819762e-02
1.848656921430416296e-03
1.988008102837136304e-01
-8.614818777100527458e-02
-7.921954464813628360e-02
-3.901787020361476704e-02
1.919854905580064761e-02
2.740541525305957137e-04
1.461144507490340361e-01
-1.322266398797478926e-01
4.136923090333523567e-01
-4.358222358964170540e-01
3.521360188265995617e-02
8.041358496932497725e-04
1.916555284316000252e-02
-1.255823435781188574e-03
-1.923027184990237868e-03
-2.098891353100269374e-03
3.785039694477815991e-02
-1.871732385144820807e-02
-4.032650204313354032e-03
-1.212612019727953277e-03
-7.952141787207891999e-03
1.964790731252989350e-02
1.465635680602938988e-04
2.045481775906154900e-03
2.197071494922296919e-01
-2.446272060139490501e-01
4.022871055532802054e-02
-1.420843164321810908e-03
2.531680466614896416e-02
-1.142899379686269749e-02
4.224252557438391148e-02
-4.259261135032810230e-02
1.389884920307616137e-02
3.390474421565047502e-04
2.016439907179793656e-01
-1.853696991544807327e-01
-3.431557144268090540e-03
1.045076450057544001e-03
1.462130874882047737e-01
-7.243719666482708458e-03
-1.138593834747854971e-01
-8.536093283484542937e-03
-1.999209605135708959e-03
-6.868705890288699656e-04
3.523420398633232420e-01
-3.384542289940357662e-01
4.068259100191868455e-02
8.013461437943795312e-03
1.241573801373872382e-01
2.094366704974123111e-02
-1.541698405821594620e-01
-1.768415002256443214e-02
-8.055298152978096135e-03
9.088595440355945812e-03
5.999744651993083001e-04
7.671112777453298684e-03
8.015861085756803128e-04
1.225896466367852426e-02
-2.041064261919609338e-02
3.878220033221607254e-03
-3.918991682795082421e-02
2.992242762135897266e-02
2.315530007587983732e-02
4.263997508064678449e-02
-3.644165415262470148e-02
3.840151881667492467e-03
3.849338059598275859e-03
1.302299909793657937e-02
-4.978239464732361723e-03
-2.715092171396873871e-05
5.870202157798185688e-03
6.287075816145629159e-02
-5.125064272658234887e-02
2.176800663462881424e-03
9.089477095169607921e-05
-1.323232184548965573e-01
6.046806010199609442e-03
2.373450723356697670e-02
-5.332662884138768440e-03
-4.751322471788861981e-03
-3.153567375921141613e-02
3.369184822262404760e-02
1.151763569593436815e-01
9.181170013587749631e-03
1.683604451889495618e-02
2.915496784120278143e-02
1.905844992346599279e-02
2.196416544096165338e-02
3.213848843894051045e-04
6.384016790013173973e-03
-1.551115570737844618e-02
-1.101158587017313922e-02
-3.738359064127634319e-03
-2.653730293472860574e-03
-3.008034307559281917e-02
-1.999779531997222456e-02
2.034102543276702924e-02
9.161972061550716778e-03
4.382608694941607375e-03
-8.572220612461062088e-04
-5.696189431212773761e-03
6.587299607182051098e-02
-5.979433217596149402e-02
9.040620543102765097e-03
-1.231473569675322179e-03
2.990473080392713062e-02
-1.469871729644028208e-02
-4.361015455876240607e-05
-1.274592483640874701e-03
7.911834001787025616e-02
-6.666728814937392111e-02
4.305857829068727473e-03
-2.869098828276543754e-03
2.209010901223431439e-02
-8.839479705456931499e-03
7.242257990711802084e-04
-8.704423656001918834e-05
5.506459002975062217e-02
-4.217004409714871643e-02
7.534360126465015906e-03
-6.541095189780387828e-03
-2.187872176005171282e-02
3.625328344026727129e-02
2.551255169100443386e-03
-3.038005980027599310e-03
1.817321939958863736e-02
-9.899359092124370568e-03
7.177742442109805339e-03
-1.563791880285539913e-03
7.036202517344664065e-02
-5.647421430415874855e-02
1.499816628982681560e-02
1.044409601323294245e-02
-1.155445143377197004e-02
-5.236788620119842662e-03
-1.052000756417682380e-03
1.128053992271356616e-02
1.486739318942247035e-02
3.475501799228533639e-02
1.985956825180127186e-02
-4.825503194269772228e-02
-1.141227534384884647e-02
5.920938572847675050e-04
-1.510705681135550080e-03
1.067883282895551109e-02
-1.361167646310646948e-02
2.725605814323853182e-02
-1.117969176118729967e-03
-9.317434463681025306e-03
3.213796035794469486e-02
5.944767225117397053e-02
3.348745763424475913e-02
-2.423149910755139150e-03
-4.486016278847316553e-03
8.595980661610800786e-05
1.936709763863639355e-02
1.487856169691515081e-02
-7.134668853425469442e-03
-9.631741408939516885e-03
1.881702103150642222e-02
-4.929210162217800666e-03
-5.391428319016179551e-04
-3.051261080176930190e-03
-4.730787848160734541e-03
5.260854468957826269e-03
2.371119922831304953e-03
-4.424471485011341118e-03
1.744723636107568462e-02
-1.128655487817422851e-03
3.202748349144594192e-02
-6.508382573256231603e-03
-1.050263456108460093e-02
4.051007935694563196e-03
2.801595729505003754e-02
-1.326291450042650123e-02
-4.916239861029545605e-03
6.130370644584464800e-04
-4.029993428320047776e-04
1.367777314766166485e-02
3.147586329176906179e-03
-1.483543776161338514e-02
-1.550931667020895299e-02
-4.056147171224822913e-03
-3.709237844025846387e-02
4.262057150890542767e-03
-4.239230622705323151e-03
-1.972037384337480947e-03
-7.566344937398019471e-03
3.154970002079762054e-02
5.217903198271708204e-02
7.190696329456742163e-03
8.296320439950394515e-04
-1.119177825101253833e-02
-7.398077545137366103e-03
2.968251383137588371e-03
1.529423308987187119e-02
1.511287840165361461e-02
3.726791044200596223e-04
1.078508390587827256e-02
-1.205545921952372139e-02
1.124860803349731798e-02
2.639202835791256297e-03
-1.104602240579060680e-02
3.279120549472315516e-02
-5.290220959458195177e-03
-1.839041858821323025e-02
-7.262950212484871500e-03
6.763535369260368149e-03
4.964826145526854417e-02
-1.796545893573301377e-03
-4.017779942907258317e-02
-2.818254162763084766e-03
1.173398574829178807e-03
-7.524007792285181562e-04
2.168293314159701612e-01
-9.797741543113749896e-02
-9.164877154181591545e-02
-1.331533357373004302e-02
-1.771209523651062117e-03
1.362580456805845448e-02
1.209334592696572307e-02
-1.006013010208497808e-02
-8.580212973038689591e-04
-3.410257273538862266e-02
-1.236690568912654498e-02
1.075953178917662262e-01
-9.608348556727062950e-03
1.767970869652475034e-03
-2.959288665099564421e-03
-1.217267860513347906e-02
-2.032281746901963906e-02
2.648230782157549781e-03
-6.132756042333477493e-03
-4.583409114599662102e-04
3.524231520634715092e-02
-1.906026139049407306e-02
9.009776285288504565e-04
-1.228491067274934496e-03
-1.966729507819220662e-03
5.406298812900170447e-02
-4.110896763868118753e-02
-1.055213172642631035e-03
1.989003551610241463e-03
6.114725645924078655e-03
-1.103955229745104231e-03
-1.059212461097009555e-04
5.516597228384596862e-04
-2.391702852742423439e-03
1.082300482912250394e-02
3.266134409813733694e-03
-2.711360246590055999e-03
3.759060079625085871e-03
2.936493913339261515e-03
4.852718440971460524e-03
1.784764272128326048e-03
-2.450290316065473640e-03
5.747158990395004330e-03
-2.319578917320853483e-03
1.141885139036696341e-02
2.598928648711806844e-02
1.601130988199509636e-02
-2.950300116811488751e-02
-1.100592547908577253e-02
2.670590622413129313e-03
1.127216362949968326e-02
-5.494338262502044548e-05
-2.633157604151132800e-02
1.039424243119767451e-02
-4.468381244526791612e-03
3.429352572412881078e-02
1.003709946738971098e-02
-1.369478418354437219e-02
1.685960986283915192e-02
2.367471813100858677e-02
1.836101281421592332e-02
-2.182557973643081684e-02
1.735237779150326093e-02
1.153132937602374501e-02
8.777227378280771583e-03
-6.420745885016645310e-03
-4.333808982300083913e-03
-9.563767790834117738e-03
-2.980398347334718423e-01
2.912177205852380935e-01
2.070992501752007969e-02
-8.104472797455979094e-02
-8.028692405697967008e-03
1.029612312495437887e-01
-1.363914003034594480e-01
1.502792111727444535e-01
1.188225625523504775e-01
-3.901787020361476704e-02
-7.422321593786078420e-02
8.306334458413460256e-03
-1.322266398797478926e-01
1.461144507490340361e-01
-1.255823435781188574e-03
1.916555284316000252e-02
-4.021918538090507242e-03
1.731527439461383322e-02
5.960931207798893586e-03
-9.388394733124468677e-03
5.960931207798893586e-03
1.857109783039502873e-02
-1.255823435781188574e-03
-9.388394733124468677e-03
2.531680466614896416e-02
-1.142899379686269749e-02
1.313589443149531730e-02
-2.627139911851305090e-02
3.185143254638653221e-02
-3.269092111777472526e-02
6.415671043721400159e-03
1.331966353380044897e-02
1.495971269618613479e-03
-8.079276455079856104e-05
-4.167389301264115401e-04
7.129029975230541556e-03
-1.940436314356166288e-04
-2.956489464711076903e-02
2.030240525204779836e-02
-3.158003050296345759e-02
5.072400169051850122e-03
1.161312963615324448e-02
3.152655354844048630e-02
-4.167389301264115401e-04
7.129029975230541556e-03
-2.005712245041739710e-03
2.006895318426698757e-02
-4.175430069937409103e-03
1.086444641779796445e-02
-3.598589272898965186e-02
1.964116575354657446e-02
-3.237619701425566154e-02
5.743636846823713463e-03
9.874010191446661380e-03
2.871501386570026598e-02
-2.005712245041739710e-03
9.417339782259677439e-03
1.086444641779796445e-02
-6.393975330769780148e-03
9.417339782259677439e-03
1.086444641779796445e-02
-3.598589272898965186e-02
2.882615777561297731e-03
2.871501386570026598e-02
-2.005712245041739710e-03
9.417339782259677439e-03
2.028178620005759158e-02
-3.598589272898965186e-02
-2.005712245041739710e-03
2.882615777561297731e-03
2.871501386570026598e-02
-5.471414672531847712e-02
-3.597603127647159421e-02
-4.308971585861971765e-02
-5.401427957877907859e-02
-3.224180461278987331e-02
-2.396606462696919751e-02
3.649049639214052565e-02
-1.849612842035078684e-05
1.155867160353759443e-01
-1.362273667358044338e-01
-1.351751054347294541e-02
1.180445660397804256e-02
1.970401809449517927e-01
4.673137697948754471e-02
-9.194332637985316858e-02
5.909976026965140655e-02
4.673137697948754471e-02
3.825505108057181136e-01
-5.473132796166062242e-02
-7.893541252424218779e-02
-8.521873138611640863e-02
2.560912124693301081e-02
1.399943786542134638e-01
6.716978284015941159e-02
-6.824193065760382482e-03
3.643945854050997801e-02
-2.968164220452577939e-02
1.477238370937828272e-03
2.009199528891930393e-04
-1.002704435530744204e-02
5.765908682707870415e-03
1.794802658899848774e-02
-9.826124402418244877e-03
3.897666301071563838e-02
-1.526272773900905731e-02
2.385282893194624540e-02
3.900052095734841962e-02
-4.863251254319600481e-02
-5.157891025715639205e-03
2.895876112089319949e-03
1.005069166216212732e-04
1.828481520194035707e-03
1.735968268300852255e-02
8.015861085756803128e-04
1.225896466367852426e-02
-2.041064261919609338e-02
3.878220033221607254e-03
4.821341776466864237e-02
2.228555032535105979e-02
6.384016790013173973e-03
-1.551115570737844618e-02
-3.359778618906058417e-02
-1.388623211430594848e-02
1.499816628982681560e-02
1.044409601323294245e-02
3.693620203011750008e-02
-7.296621155566107575e-02
2.447555809177182767e-02
-3.603000952554376995e-02
2.544226230305976846e-02
2.447555809177182767e-02
-3.650937289308688050e-02
3.430651625932306520e-02
-7.113795598161689465e-03
2.320446310121384095e-02
1.860652741829829301e-02
2.320794853677172684e-02
-3.469702145582275604e-02
2.537688378833930294e-02
-7.535815070396487646e-03
3.461263194891373886e-03
-1.025517815203631257e-02
2.068172582643280216e-02
2.985155911440289661e-02
-2.568949980645131564e-03
1.673634404884874818e-02
-3.788644776186968731e-03
-1.209268318170203397e-03
2.370323924181048231e-02
8.390076437324690134e-03
-1.461909648413918690e-02
2.011683091610233162e-02
1.595898953016028007e-02
-8.744313072942324142e-03
-3.332830800724145576e-03
-1.479156592664294424e-02
2.479753113943687984e-02
5.497734431963134313e-03
8.390076437324690134e-03
-2.071178660872476877e-03
1.595898953016028007e-02
-2.074126252887775398e-02
-3.450518965400504404e-03
-6.728537691024411016e-03
1.511861412834910288e-02
5.497734431963134313e-03
1.224265695136798546e-02
3.716332578792423853e-03
-2.071178660872476877e-03
1.012323907947417856e-03
1.287548696134036344e-02
-4.728769847383523881e-04
1.436068785402611590e-02
7.377752529377258617e-03
5.497734431963134313e-03
1.012323907947417856e-03
1.643186651489863745e-02
-2.071178660872476877e-03
-4.728769847383523881e-04
1.478311648045063653e-02
-4.929210162217800666e-03
4.033904551055703287e-03
-1.674256594598065584e-02
-2.038237076460877248e-02
-2.816906331950814676e-02
-2.903524424541066573e-02
-4.751767051509570017e-02
4.610707510829062383e-02
1.529840627609322171e-02
2.518232020167478213e-02
-4.063232327551461603e-02
2.933781394312807642e-02
-1.251178626003169106e-02
4.521005157075670862e-03
5.198589348304560528e-03
1.034087268455551739e-02
-8.169682600508139034e-03
6.256370512873548131e-03
3.821622762974829796e-03
2.167660253415541229e-03
7.686246064816578197e-03
4.033904551055703287e-03
4.639610145753908683e-03
-1.282326106107465301e-02
1.683483965275609298e-02
4.778327526323433369e-03
4.230871761192328551e-03
-6.873049213430580499e-03
1.120304055146660940e-02
-4.288513671814409532e-03
7.302167649155319592e-04
3.046004290762622038e-03
3.197062933957707260e-03
1.001751468786050113e-02
3.776221055678153238e-03
9.407512574953279900e-05
1.001751468786050113e-02
7.302167649155319592e-04
3.046004290762622038e-03
9.407512574953279900e-05
1.120304055146660940e-02
-3.558296906898735217e-03
3.046004290762622038e-03
3.197062933957707260e-03
1.120304055146660940e-02
-5.122926161365307053e-04
3.197062933957707260e-03
1.467079540555638051e-02
-3.909908139635561927e-04
-3.919937223047179758e-04
1.745606892158493156e-03
8.265607638897956577e-03
1.250075875416669507e-02
-2.368075532983851539e-02
1.505659291390342575e-02
1.745606892158493156e-03
-2.914388936773896262e-03
1.505659291390342575e-02
-1.128655487817422851e-03
2.069176323872779638e-02
-1.142899379686269749e-02
5.753696915239103239e-03
4.051007935694563196e-03
1.601947439136450213e-02
-1.142899379686269749e-02
5.246322339090667315e-03
6.130370644584464800e-04
-4.029993428320047776e-04
-1.120872104001343749e-03
-1.142899379686269749e-02
2.622763904852458416e-02
-3.137932245179222285e-02
3.337536287466305596e-02
1.189177044641704858e-02
-2.398124490665485761e-02
2.597728532952561092e-02
1.189177044641704858e-02
-3.949062830920469641e-02
2.390747084437103067e-03
5.098769209405602798e-02
-6.813211194513130176e-02
3.875937985899161053e-02
4.326054295542793721e-02
-1.771209523651062117e-03
1.362580456805845448e-02
2.033215824880699445e-03
